2.103966000000131231e+00 -2.249999999999999432e+02 -5.806373999999999924e+00
2.103965999999956704e+00 -2.500000000000000284e+02 -5.806373999999999924e+00
2.757191999999992404e+01 -2.499999999999999716e+02 -1.034944400000000009e+01
1.980196829999999011e+02 2.499999999999999716e+02 -6.872996799999999951e+01
1.863841950000000054e+02 2.283493639999999800e+02 -6.309626099999999838e+01
1.746024500000000614e+02 2.499999999999999716e+02 -5.762087300000000312e+01
1.628729560000000731e+02 2.283493649999999491e+02 -5.242788500000000340e+01
1.509747959999999694e+02 2.499999999999999432e+02 -4.743066000000000315e+01
4.058296699999988988e+01 -2.282611170000000413e+02 -1.306411800000000056e+01
5.274128399999998607e+01 -2.500000000000000284e+02 -1.584533500000000039e+01
6.445541199999989601e+01 -2.271861239999999782e+02 -1.875122000000000000e+01
7.766190199999971355e+01 -2.499999999999999716e+02 -2.229741800000000040e+01
9.013797900000004404e+01 -2.283493650000000912e+02 -2.591454699999999889e+01
1.024277590000000231e+02 -2.500000000000000284e+02 -2.973573299999999975e+01
1.147169610000000688e+02 -2.283493659999999750e+02 -3.381750399999999956e+01
1.268958089999999572e+02 -2.500000000000000284e+02 -3.812481100000000112e+01
1.389739079999998808e+02 -2.283493659999999750e+02 -4.265965200000000124e+01
1.509343730000000789e+02 -2.499999999999999716e+02 -4.741413800000000123e+01
1.628729590000000371e+02 -2.283493660000000318e+02 -5.242788600000000088e+01
1.746058170000000871e+02 -2.500000000000000284e+02 -5.762240200000000101e+01
1.863841980000000262e+02 -2.283493650000000628e+02 -6.309626300000000043e+01
1.979712140000000886e+02 -2.499999999999999432e+02 -6.870601700000000278e+01
2.756236099999991751e+01 2.499999999999999716e+02 -1.034754799999999975e+01
2.103965999999956704e+00 2.500000000000000284e+02 -5.806373999999999924e+00
2.103966000000131231e+00 2.249999999999999432e+02 -5.806373999999999924e+00
2.433597800000000433e+01 2.153354219999999657e+02 -9.715892999999999446e+00
2.500683600000012774e+01 1.889597099999999728e+02 -9.845883000000000607e+00
2.103966000000131231e+00 2.000000000000000284e+02 -5.806373999999999924e+00
2.342906399999995415e+01 1.625000000000000000e+02 -9.541292000000000328e+00
2.103966000000131231e+00 1.749999999999999716e+02 -5.806373999999999924e+00
4.100092100000003370e+01 2.288281619999999918e+02 -1.315579299999999918e+01
5.277931400000001361e+01 2.500000000000000284e+02 -1.585440799999999939e+01
6.527330499999999347e+01 2.283493639999999800e+02 -1.896248800000000045e+01
7.772188300000003380e+01 2.500000000000000284e+02 -2.231418400000000091e+01
9.013797700000000646e+01 2.283493659999999750e+02 -2.591454600000000141e+01
1.024878480000000565e+02 2.499999999999999716e+02 -2.975505499999999870e+01
1.147169580000000479e+02 2.283493640000000653e+02 -3.381750300000000209e+01
1.268729630000001691e+02 2.499999999999999432e+02 -3.811648399999999981e+01
1.389739039999999193e+02 2.283493639999999516e+02 -4.265964999999999918e+01
2.342906400000012823e+01 -1.375000000000000000e+02 -9.541292000000000328e+00
2.342906399999995415e+01 -1.124999999999999858e+02 -9.541292000000000328e+00
2.103966000000131231e+00 -1.250000000000000142e+02 -5.806373999999999924e+00
2.342906399999995415e+01 -1.625000000000000000e+02 -9.541292000000000328e+00
2.103966000000073056e+00 -1.499999999999999716e+02 -5.806373999999999924e+00
2.384291099999990493e+01 -1.881198359999999923e+02 -9.620806999999999221e+00
2.103966000000131231e+00 -1.749999999999999716e+02 -5.806373999999999924e+00
2.355291499999992055e+01 -2.152987280000000112e+02 -9.565060000000000784e+00
2.103966000000131231e+00 -2.000000000000000284e+02 -5.806373999999999924e+00
2.342906400000001454e+01 -6.249999999999999289e+01 -9.541292000000000328e+00
2.103966000000073056e+00 -5.000000000000000000e+01 -5.806373999999999924e+00
2.103965999999898528e+00 -7.499999999999998579e+01 -5.806373999999999924e+00
2.342906399999995415e+01 -3.749999999999999289e+01 -9.541292000000000328e+00
2.103966000000131231e+00 -2.500000000000000000e+01 -5.806373999999999924e+00
2.342906400000001454e+01 -1.250000000000000000e+01 -9.541292000000000328e+00
2.103966000000073056e+00 0.000000000000000000e+00 -5.806373999999999924e+00
2.342906400000001454e+01 1.250000000000000000e+01 -9.541292000000000328e+00
2.103966000000131231e+00 2.500000000000000000e+01 -5.806373999999999924e+00
2.342906399999995415e+01 3.749999999999999289e+01 -9.541292000000000328e+00
2.103966000000073056e+00 5.000000000000000000e+01 -5.806373999999999924e+00
2.342906400000001454e+01 6.249999999999999289e+01 -9.541292000000000328e+00
2.103965999999898528e+00 7.499999999999998579e+01 -5.806373999999999924e+00
2.342906400000018863e+01 8.749999999999998579e+01 -9.541292000000000328e+00
2.103966000000073056e+00 1.000000000000000142e+02 -5.806373999999999924e+00
2.342906399999995415e+01 1.124999999999999858e+02 -9.541292000000000328e+00
2.103966000000131231e+00 1.250000000000000142e+02 -5.806373999999999924e+00
2.342906400000012823e+01 1.375000000000000000e+02 -9.541292000000000328e+00
2.103966000000073056e+00 1.499999999999999716e+02 -5.806373999999999924e+00
1.746771999999999423e+02 2.066987279999999600e+02 -5.765483100000000150e+01
2.103966000000073056e+00 -1.000000000000000142e+02 -5.806373999999999924e+00
2.342906400000018863e+01 -8.749999999999998579e+01 -9.541292000000000328e+00
6.482941900000022883e+01 -1.856329259999999692e+02 -1.884769299999999959e+01
4.728561700000014412e+01 -2.026526979999999867e+02 -1.456794799999999945e+01
7.666869300000008991e+01 -2.064422959999999705e+02 -2.202066500000000104e+01
1.128667189999999891e+02 -1.829676440000000355e+02 -3.318610600000000233e+01
1.024654660000000206e+02 -2.066987309999999809e+02 -2.974785699999999977e+01
1.268879490000000771e+02 -2.066987320000000352e+02 -3.812194600000000122e+01
1.746772029999999916e+02 -2.066987289999999575e+02 -5.765483199999999897e+01
5.008624199999991333e+01 2.046946839999999668e+02 -1.521768199999999993e+01
1.024654610000000616e+02 2.066987309999999241e+02 -2.974785599999999874e+01
1.268879449999999451e+02 2.066987279999999600e+02 -3.812194499999999664e+01
6.566268400000012662e+01 8.749999999999998579e+01 -1.906344700000000003e+01
4.462264899999997425e+01 1.000000000000000000e+02 -1.396184799999999981e+01
4.462264900000015189e+01 7.499999999999998579e+01 -1.396184799999999981e+01
7.773906300000003000e+01 2.066987299999999834e+02 -2.231898800000000094e+01
4.462264900000003109e+01 1.500000000000000284e+02 -1.396184799999999981e+01
1.509703969999999913e+02 2.066987299999999834e+02 -4.742886200000000230e+01
4.462264899999997425e+01 -1.000000000000000000e+02 -1.396184799999999981e+01
4.462264900000003109e+01 -1.250000000000000142e+02 -1.396184799999999981e+01
4.462264900000003109e+01 -1.500000000000000284e+02 -1.396184799999999981e+01
4.462264899999997425e+01 -1.750000000000000284e+02 -1.396184799999999981e+01
4.462264900000015189e+01 -7.499999999999998579e+01 -1.396184799999999981e+01
4.462264900000003109e+01 -4.999999999999998579e+01 -1.396184799999999981e+01
1.509703989999999862e+02 -2.066987309999999809e+02 -4.742886200000000230e+01
4.462264900000003109e+01 -2.500000000000000000e+01 -1.396184799999999981e+01
1.383106920000000457e+02 -1.844368819999999403e+02 -4.240373400000000004e+01
4.462264899999997425e+01 0.000000000000000000e+00 -1.396184799999999981e+01
4.462264900000003109e+01 2.500000000000000000e+01 -1.396184799999999981e+01
4.462264900000003109e+01 4.999999999999998579e+01 -1.396184799999999981e+01
4.462264900000003109e+01 1.250000000000000142e+02 -1.396184799999999981e+01
1.980037029999999163e+02 2.066987300000000403e+02 -6.872207099999999969e+01
4.494699099999986203e+01 1.759550089999999898e+02 -1.403506199999999993e+01
6.732366599999990342e+01 1.391274930000000154e+02 -1.949692200000000142e+01
6.748184200000018507e+01 1.635114030000000014e+02 -1.953843799999999931e+01
6.658451099999999201e+01 1.860002499999999941e+02 -1.930346000000000117e+01
6.566268400000006977e+01 6.249999999999999289e+01 -1.906344700000000003e+01
6.566268400000012662e+01 3.750000000000000000e+01 -1.906344700000000003e+01
1.870264510000000087e+02 1.844362620000000277e+02 -6.340117699999999701e+01
1.384338029999999549e+02 1.845144300000000044e+02 -4.245118200000000286e+01
1.129699550000000698e+02 1.829663889999999640e+02 -3.322117899999999935e+01
8.920630300000007651e+01 1.839560529999999687e+02 -2.563537799999999933e+01
1.980037049999999681e+02 -2.066987299999999834e+02 -6.872207199999999716e+01
6.566268400000012662e+01 -8.749999999999998579e+01 -1.906344700000000003e+01
6.744889600000006169e+01 -1.633832509999999729e+02 -1.952978699999999890e+01
6.566268400000006977e+01 -1.124999999999999858e+02 -1.906344700000000003e+01
6.732285399999993558e+01 -1.390724789999999871e+02 -1.949670899999999918e+01
8.860224099999986436e+01 -1.838295719999999562e+02 -2.545514700000000019e+01
6.566268399999995609e+01 1.250000000000000178e+01 -1.906344700000000003e+01
6.566268399999995609e+01 -1.250000000000000178e+01 -1.906344700000000003e+01
6.566268400000012662e+01 -3.750000000000000000e+01 -1.906344700000000003e+01
1.869029150000000357e+02 -1.845139619999999354e+02 -6.334247299999999825e+01
6.566268400000006977e+01 -6.249999999999999289e+01 -1.906344700000000003e+01
1.628729570000000422e+02 -1.850480939999999634e+02 -5.242788500000000340e+01
1.628729550000000188e+02 1.850480939999999634e+02 -5.242788500000000340e+01
6.566268400000006977e+01 1.124999999999999858e+02 -1.906344700000000003e+01
2.008712309999999661e+02 1.599749899999999627e+02 -7.014633800000000008e+01
1.238533059999999892e+02 -1.600019379999999671e+02 -3.702403499999999781e+01
9.255994600000011019e+01 -1.582452119999999809e+02 -2.664721000000000117e+01
1.746772029999999916e+02 -1.633974590000000262e+02 -5.765483199999999897e+01
2.008510420000000067e+02 -1.599886549999999943e+02 -7.013625999999999294e+01
9.257800799999991170e+01 1.582559040000000152e+02 -2.665271100000000004e+01
1.849998949999999525e+02 1.423857620000000281e+02 -6.244140000000000157e+01
1.746771999999999991e+02 1.633974590000000262e+02 -5.765483100000000150e+01
8.699447000000003527e+01 1.270633020000000073e+02 -2.497847099999999898e+01
1.509703970000001050e+02 1.633974590000000262e+02 -4.742886200000000230e+01
1.238728580000001216e+02 1.600170289999999795e+02 -3.703105599999999953e+01
1.071750860000001211e+02 1.127272189999999625e+02 -3.128134299999999968e+01
8.652729000000003623e+01 1.000000000000000000e+02 -2.484078200000000081e+01
8.652729000000003623e+01 7.499999999999998579e+01 -2.484078200000000081e+01
8.652729000000003623e+01 5.000000000000000000e+01 -2.484078200000000081e+01
1.509703970000001050e+02 -1.633974590000000262e+02 -4.742886200000000230e+01
8.652729000000003623e+01 -2.500000000000000000e+01 -2.484078200000000081e+01
8.652729000000003623e+01 -5.000000000000000000e+01 -2.484078200000000081e+01
8.652729000000003623e+01 -7.499999999999998579e+01 -2.484078200000000081e+01
1.067164259999999842e+02 -1.403374700000000246e+02 -3.113031000000000148e+01
1.071723330000000374e+02 -1.127260909999999825e+02 -3.128043600000000168e+01
8.699856499999994242e+01 -1.270611879999999587e+02 -2.497967999999999833e+01
8.652729000000003623e+01 -1.000000000000000000e+02 -2.484078200000000081e+01
8.652729000000009307e+01 0.000000000000000000e+00 -2.484078200000000081e+01
8.652729000000003623e+01 2.500000000000000000e+01 -2.484078200000000081e+01
1.071947739999999243e+02 8.750000000000000000e+01 -3.128783500000000117e+01
1.400872459999999364e+02 1.425754519999999843e+02 -4.309104700000000321e+01
1.067193110000000473e+02 1.403321179999999799e+02 -3.113125900000000001e+01
1.071947739999999243e+02 -8.750000000000000000e+01 -3.128783500000000117e+01
1.400874659999999494e+02 -1.425750159999999767e+02 -4.309113200000000177e+01
1.071947740000001517e+02 6.249999999999999289e+01 -3.128783500000000117e+01
1.071947739999999811e+02 3.750000000000000000e+01 -3.128783500000000117e+01
1.071947739999998532e+02 -1.250000000000000178e+01 -3.128783500000000117e+01
1.071947739999999811e+02 -3.750000000000000000e+01 -3.128783500000000117e+01
1.850013749999998254e+02 -1.423864309999999875e+02 -6.244209800000000143e+01
1.071947740000001517e+02 -6.249999999999999289e+01 -3.128783500000000117e+01
1.628729570000000422e+02 -1.417468240000000037e+02 -5.242788600000000088e+01
1.989720260000000849e+02 -1.279373159999999956e+02 -6.920139100000000099e+01
1.964732360000000426e+02 -1.017278359999999822e+02 -6.796778799999999876e+01
1.071947739999998532e+02 1.250000000000000178e+01 -3.128783500000000117e+01
1.628729559999999594e+02 1.417468250000000012e+02 -5.242788500000000340e+01
1.989720269999999971e+02 1.279373139999999864e+02 -6.920139100000000099e+01
1.258725260000001356e+02 1.279373139999999580e+02 -3.775273700000000332e+01
1.742641109999999856e+02 1.181878379999999993e+02 -5.746732099999999832e+01
1.258725260000001356e+02 -1.279373159999999956e+02 -3.775273599999999874e+01
1.743470549999999832e+02 -1.181490850000000279e+02 -5.750494199999999978e+01
1.497481970000000899e+02 1.195837869999999725e+02 -4.693073600000000312e+01
1.964498279999998545e+02 1.017304960000000023e+02 -6.795628299999999911e+01
1.286671709999999109e+02 1.016846539999999948e+02 -3.877338100000000054e+01
1.286981419999998764e+02 7.617940299999997933e+01 -3.878477000000000174e+01
1.276436350000000033e+02 5.000000000000000000e+01 -3.839793199999999729e+01
1.276436349999999464e+02 -2.500000000000000000e+01 -3.839793199999999729e+01
1.497472439999999381e+02 -1.195769460000000066e+02 -4.693034800000000217e+01
1.950919829999999990e+02 -7.635847800000000518e+01 -6.729051900000000330e+01
1.276436350000000033e+02 -5.000000000000000000e+01 -3.839793199999999729e+01
1.286734769999999060e+02 -1.016431099999999930e+02 -3.877569900000000302e+01
1.287042390000000580e+02 -7.624086900000000355e+01 -3.878701199999999716e+01
1.512550870000000032e+02 -9.442992300000003070e+01 -4.754530700000000110e+01
1.972822729999999751e+02 -5.000000000000000000e+01 -6.836602399999999591e+01
1.972822730000000888e+02 -2.499999999999999289e+01 -6.836602399999999591e+01
1.276436350000000743e+02 0.000000000000000000e+00 -3.839793199999999729e+01
1.972822730000000320e+02 0.000000000000000000e+00 -6.836602399999999591e+01
1.276436349999999464e+02 2.500000000000000000e+01 -3.839793199999999729e+01
1.972822730000000888e+02 2.499999999999999289e+01 -6.836602399999999591e+01
1.972822729999999751e+02 5.000000000000000000e+01 -6.836602399999999591e+01
1.950954020000000639e+02 7.640598000000001377e+01 -6.729219200000000001e+01
1.477686970000000883e+02 6.442932699999998647e+01 -4.612984300000000104e+01
1.759056050000000937e+02 9.494310299999999359e+01 -5.821448500000000337e+01
1.512120019999999272e+02 9.442616599999998073e+01 -4.752767399999999753e+01
1.478526200000001154e+02 3.750000000000000711e+01 -4.616364399999999790e+01
1.478526200000000017e+02 1.250000000000000533e+01 -4.616364399999999790e+01
1.667650150000000053e+02 7.701093699999999842e+01 -5.412133800000000150e+01
1.801760539999999935e+02 6.239846199999999499e+01 -6.018321699999999908e+01
1.478526200000000017e+02 -1.250000000000000533e+01 -4.616364399999999790e+01
1.803118750000000716e+02 1.250431700000000035e+01 -6.024644899999999836e+01
1.803104040000000339e+02 -1.251281099999999569e+01 -6.024576400000000120e+01
1.478526200000001154e+02 -3.750000000000000711e+01 -4.616364399999999790e+01
1.802629429999999786e+02 -3.754307299999999969e+01 -6.022366300000000194e+01
1.477652930000001277e+02 -6.443406000000000233e+01 -4.612847200000000214e+01
1.758779650000000174e+02 -9.493523299999999665e+01 -5.820186000000000348e+01
1.801677470000000767e+02 -6.239348200000000588e+01 -6.017935099999999693e+01
1.651108199999999613e+02 5.059923799999998550e+01 -5.339802499999999696e+01
1.667650169999999434e+02 -7.701093499999998926e+01 -5.412133800000000150e+01
1.651096550000000889e+02 -5.060040100000001217e+01 -5.339751700000000056e+01
1.652921890000001213e+02 -2.511172799999999938e+01 -5.347706800000000271e+01
1.652950659999998777e+02 -1.137599999999999896e-02 -5.347832199999999858e+01
1.802600289999999745e+02 3.754894999999999072e+01 -6.022230600000000322e+01
1.652942380000000639e+02 2.508211600000000274e+01 -5.347796199999999800e+01
